20
5e24
50000000000.0
0.0
-0.0
365.3573593072952
5e24
47552825814.757675
15450849718.74737
-112.90163304590808
347.4754973455929
5e24
40450849718.747375
29389262614.623657
-214.75166761735028
295.5803126995557
5e24
29389262614.623657
40450849718.747375
-295.5803126995557
214.75166761735028
5e24
15450849718.747372
47552825814.757675
-347.4754973455929
112.9016330459081
5e24
3.061616997868383e-06
50000000000.0
-365.3573593072952
2.2371686031030427e-14
5e24
-15450849718.747368
47552825814.75768
-347.4754973455929
-112.90163304590806
5e24
-29389262614.62365
40450849718.747375
-295.5803126995557
-214.75166761735022
5e24
-40450849718.74737
29389262614.62366
-214.7516676173503
-295.5803126995557
5e24
-47552825814.757675
15450849718.747375
-112.90163304590811
-347.4754973455929
5e24
-50000000000.0
6.123233995736766e-06
-4.4743372062060854e-14
-365.3573593072952
5e24
-47552825814.75769
-15450849718.747345
112.9016330459079
-347.47549734559294
5e24
-40450849718.747375
-29389262614.62365
214.75166761735022
-295.5803126995557
5e24
-29389262614.62366
-40450849718.74737
295.5803126995557
-214.7516676173503
5e24
-15450849718.747377
-47552825814.757675
347.4754973455929
-112.90163304590814
5e24
-9.184850993605149e-06
-50000000000.0
365.3573593072952
-6.711505809309127e-14
5e24
15450849718.747362
-47552825814.75768
347.4754973455929
112.90163304590801
5e24
29389262614.623646
-40450849718.747375
295.58031269955575
214.7516676173502
5e24
40450849718.74737
-29389262614.62367
214.75166761735036
295.5803126995557
5e24
47552825814.757675
-15450849718.747383
112.90163304590818
347.4754973455929
